sequence	begin	end	pepmass
AAPPQIPDTRR	143177828	143177940	611.338443463239
NTTAC+57.021SLMK	134176321	134176390	513.240905761719
NC+57.021IMEVSC+57.021GQAESSEK	27670880	27670923	914.88
NPIYSQPAWMNDSHK	129029426	129029503	894.92
DAAAAAGPEGAEAGAHGR	179631605	179631675	789.865783691406
EQLKAVMDDFAAFVEK	172107638	172107700	920.97
EINARPIKK	208268653	208268751	534.829841309611
VLSMAPGLTSVEIIPFR	171134482	171134614	915.517028312803
LRDFPGSGYDLTDTTQADLSR	35415552	35415594	1165.06
KQNAPVTEEDLR	120862142	120862299	700.363037109375
GSGSRPGIEGDTPR	71270441	71270514	693.34
LAEAEMHVHHLESLLEQK	162240525	162240825	1058.04
MHAAVHK	64134701	64134743	397.210277959956
QLLLTSPVPGR	155040596	155040673	590.8564453125
LHDSISEEGFHY	203809289	203809350	717.322945058472
FDLQQLQR	247398761	247398920	524.281318355888
FGVVHGPSAQLLSAAPEGVPLAQR	146260429	146260495	1201.15478515625
FSDDFDEFLDAGIEMAGQAQTK	86783028	86783136	1218.039049998547
PAPAVVK	35654270	35654348	341.220020442204
EEDDKDLYILWK	169434930	169435072	783.886047363281
THTLPFDKISEAFDLMNQGK	137282213	137282295	1147.09
PSVPAAEPEYPKGIR	38366729	38366794	805.932250976563
LWVNPSEFLPER	232524049	232524162	743.887752525679
IVAVPLNEQK	172544294	172544345	555.83
NLHSAYGNWFPGSK	59017507	59017571	789.37890625
TEFIPSTDPFQK	56961296	56961361	705.35
IWMVDSK	219161758	219161933	439.725157152587
GITVTAYSPLGSPDRPWAKPED	102413160	102413292	1179.6
FC+57.021FVINALSQR	84091931	84091977	677.85212455831
ALPQESWQNK	130312303	130312394	600.808099829194
NFLVEEEQR	87574827	87574894	582.289558325706
ELSVIDGR	102204063	102204127	444.74
WTEFAESAEDGPTTR	241267872	241268004	848.877694261759
GDIMDTLLGSK	115274995	115275033	575.29644484946
LNNGHAFNVEFDDSQDK	209052731	209052804	975.926330566406
VIIDDQLPVDH	15419768	15419937	632.334133098227
PGNPNYTLSLK	82411505	82411563	602.317950509103
VLEWLFISQEQPK	204771958	204772019	808.939626673889
MVIHVF	61568370	61568480	373.207214355469
GRWVGHSLLHVFSTEFR	193087962	193088020	1015.03
VLADGFYEWQR	54556918	54556972	692.341796875
ESSAMC+57.021QSLLYELLYEK	218733836	218733996	1032.490286918003
SWTVGLPEEVK	124324085	124324253	622.831376139501
LVNHFC+57.021EEFGK	128880894	128880994	690.85
ARVHEYLGWHADC+57.021IR	127791898	127791993	941.958429690334
KTGVAGEDMQDNSGTYGK	128660882	128660979	929.423057109655
FSQINQLVSTIMSASTTTLR	58217699	58217727	1099.5834701961
GIDTDPELKYPK	104969206	104969246	688.358991419673
EALGSFIYHLC+57.021NGK	125410595	125410626	804.896606445313
VAQGYGSLGMMTSVLVC+57.021PDGK	30977571	30977639	1087.0419921875
IALVNGVSGELIEAR	188007659	188007694	770.938659667969
AGLTDQVSHHA	18600940	18600996	568.278503417969
YGC+57.021IENTGTGDR	59841148	59841217	671.78862363797
DAGSWWLAVPGAGR	166660857	166661011	721.86376953125
QSVDDAAIVIK	136943181	136943399	579.821716308594
C+57.021LDSAYDPR	257412325	257412485	548.739929199219
GSEQDVVIDTGLGLR	167133437	167133545	779.908102624045
TC+57.021SQVSSYSLEQESNGEIEHVTK	77654032	77654125	1306.594400143512
TSGMQFC+57.021VK	222804253	222804320	529.243774414063
SFLQAAQQDLGALLEQH	222539804	222539924	934.981506347656
SQQHTPVLSSSQPLRK	217445636	217445765	896.99
LSYYPHC+57.021L	216866595	216866673	526.748337534821
GFGGVQVSPPNENVAIYNPFR	104946213	104946546	1132.072021484375
EVSSADNVSVYPSVSEEPVENK	198034451	198034545	1183.56
RLKVNELREELQR	98198164	98198224	841.986007122857
EVLSLFVQK	239591012	239591119	531.813127521008
LSMINTMSK	154702565	154702618	512.762327127023
GMAQTTVDR	45329325	45329466	489.737823486328
TGTLTQNEMIFK	49139052	49139159	691.853275012406
LILIWEAQSC+57.021QHLY	242791970	242792037	887.452026367188
PQEGAVVVLPADSQQR	113521029	113521115	847.447998046875
GC+57.021DMDFDIAGPSIR	192994475	192994602	777.341425217012
SVGNKPSLTNPFPAVEPAVVK	75002279	75002320	1076.598022460938
EIQPC+57.021LAESR	190200089	190200158	601.796770946179
WAASHTPDFFGSALR	77947041	77947143	831.905334472656
ASLFPALFSR	481943	482044	554.813227228483
DVC+57.021IVLAK	239405198	239405263	459.259980816332
VADEVGLR	184022191	184022265	429.74
PQDQQEEEPIPETR	144613119	144613165	848.4
TDTYVTDNGDGTYR	2263424	2263513	789.34
GYLSPDLSK	60982198	60982252	490.25732421875
TGLLFVPPAIDR	253968054	253968134	649.877053822849
QQQDYWLIDVR	139523334	139523513	732.370259275663
VELSTGMPR	46657417	46657480	495.257141792144
SYC+57.021NNILGK	54341707	54341792	534.761091835893
GGVLFAITDAFQK	203363119	203363295	683.873504430091
EQYSDAPEEIR	229129240	229129331	668.803408578989
VIYINSPLPQK	160706670	160706705	636.372497558594
LLGHTDAVWGLAYSAAHQR	105435133	105435169	1033.529296875
ALDAMLDLLK	138054419	138054482	552.314453125
GISITSQSLNPGPFR	11427625	11427671	787.42138671875
IVIGDGGFVFALEK	100044956	100045040	732.911237894611
MLEVFVLK	224755249	224755343	489.790519287848
SETVDEDEEVDPALTVGTIK	144852668	144852718	1074.02
LLLEHC+57.021R	221985773	221986030	470.753326416016
AVIMGAPGSGKGTVSSR	166608729	166608907	787.925300335198
ITTHYTIYPR	66312321	66312432	632.840537063782
VIKDKQTQLNR	225517412	225517522	671.893621523438
DAGMPIQGQPC+57.021FC+57.021K	47457044	47457178	804.852600097656
KLEKEEEEGISQESSEEEQ	255613776	255614209	1119.0
WLQLYIYK	259376793	259376867	563.818591296649
LVFDIPVFHPL	32828176	32828271	648.872951238115
TPFLLVGTQIDLRDD	69950215	69950281	851.954125559355
TDAVYDPAEYDKHPER	145029580	145029717	953.436385090085
QSPGDEVWGVVWK	33148492	33148635	743.871963600189
ATLFLPPGPGPFPGIIDIFGIGGGLLEYR	158839373	158839435	1493.321411132812
EDGSGQQVHYETL	192739389	192739496	731.826416015625
IEYDTFGELKVPNDKYYGAQTVR	138769543	138769764	1354.19
EPIPETVKPEEK	78851808	78851871	698.373503315775
IGNTYEGRPIYVLK	159469064	159469239	811.95077889474
KFVIATSTK	92326427	92326457	497.800384521484
AGYAFEYLIETLNDSSHK	91434316	91434393	1029.49365234375
EMLLTNQEDLPEVLILKE	73597460	73597531	1064.57
QLLNSGVSMPVIQTK	126607136	126607203	807.949096679688
RDYLPLVLGPTAMR	38480322	38480499	801.4462890625
FPTYPVPHYSF	13946762	13946827	677.827270507813
VKYPPPFPVGPNSS	191848357	191848438	743.396786215354
YKHDLAASC+57.021QGR	101369942	101370013	703.336242675781
LQHLLEAC+57.021GR	170230958	170231117	598.814657346433
VGKFPFAA	259253852	259253932	418.737351513235
SEEDSSYKPVK	186347533	186347655	634.803500454764
MEGLPSGTPQSLPK	222134068	222134445	721.371387540176
NIVQHTTDSSLEEK	258578573	258578777	800.896406407604
ASELATLIQTK	119991479	119991588	587.839271560119
HEEQPAPGYDTHG	86950644	86950718	719.30562460102
LLQAEDLGPDTLDSLQRL	89935297	89935352	999.03369140625
LKAFLASPEYVNLPINGNGK	123568134	123568318	1073.090454101562
DVLFPLVVDK	52799403	52799459	572.836189443129
GHTNQDHVHAVWK	14026836	14026968	764.873898230449
DDAQLSGLPSALR	112299907	112300073	672.353698730469
LFGTNNSSSISGVWVFR	149398635	149398794	936.479675292969
SSQNGQPLWILGDVFLR	4796380	4796435	966.015258789063
TSQFEMDIQINK	93309190	93309242	727.357347474936
ELILHNPVTLK	45098848	45099075	638.893005371094
AYGPGLTHGVVNK	239263388	239263478	656.853213081912
GGEALVSPDGTVTEAPR	128275989	128276052	828.42
TDLGAWLC+57.021DDNFPDDESR	95842649	95842691	1063.94
LLVDANDVILER	87367580	87367697	685.389038085938
QHTSAFVPSSGR	180916243	180916420	637.318115234375
KPLGTVQQK	157077611	157077702	499.802483354259
AEAQAPDLQC+57.021SLPR	189819755	189819879	778.380065917969
MLSLVLMHK	214333418	214333554	536.308175459891
VASTLQGVGGPEGSSPR	225476114	225476183	800.416259765625
AKEC+57.021EPPSAGAAVTAR	52546271	52546458	807.899353027344
HIETQKMLISK	208610022	208610107	664.370512947006
SDLVEYFTLEMLHLGNNR	90474491	90474523	1076.533325195312
FLLNTLQENVNK	179964671	179964856	717.3948
EATGTTAQATR	58008102	58008175	553.775419176663
HYPYYR	200920442	200920490	449.713244905751
SITVEPSENLQSLMEK	235655024	235655094	903.46
HKVISGTTLGYLSPK	198291737	198291773	800.957170562673
IDC+57.021LQESQELNLQK	118069551	118069751	859.428282642053
IKGVPFPTLTWFK	55921885	55921968	767.449715591832
YVTVLLDPHSY	2636165	2636299	653.839164839468
YIQYGNEEQR	25961072	25961153	650.302418773638
LLQIAGISPH	63986650	63986822	524.811401367188
SPHVVFHGSAH	201912397	201912429	587.791259765625
VHTEC+57.021C+57.021HGDLLE	80418926	80419118	735.312415990671
YAPMGMHPMGQR	83147301	83147381	688.810241699219
GDPTGPVPVVGK	50474951	50475095	561.811087747653
EEEPDSDYSVIR	8546819	8546860	719.817938169257
LAYSPDGQYIVTGGDDGK	219287463	219287532	928.439575195313
TMGFC+57.021YQILTEPNADPRK	54430471	54430582	1071.51
TAEISLLK	69856211	69856263	437.765197063648
TYHGDSDLQLDR	51885481	51885532	710.329278121499
C+57.021LPFIIGC+57.021NPTILHV	239285248	239285289	877.459533691406
LDIISDPDAGTPEDK	144199883	144200024	793.384338378906
ATSSFGGLGGGSVR	44821275	44821463	626.817993164063
GMILTNHDHQIR	92045226	92045286	717.870762180155
KGENSVSVDGK	240031087	240031136	560.285671244828
LPLTYPAPNGDPILQLLEGR	224628667	224628790	1089.611328125
SYSFESDFDLTK	142429266	142429361	719.82763671875
TMLPDSTEIDQDTINR	217586847	217586955	924.938256258232
ISSILSSLTSVMK	141470834	141470931	683.387643155407
QAC+57.021GFEYTSK	27828099	27828150	595.761522137788
TSARGC+57.021TATLGNFAK	163173496	163173546	778.380126953125
QQNFNTGIKDF	9759521	9759652	656.321081225871
WTSNPGLPLLTEMVK	158261500	158261636	843.452975494036
MPVC+57.021SYFLK	255938785	255938870	572.778710494316
EILVEDKETGDGR	234307317	234307372	730.865470229117
NSFFSNIILAGGSTSFPGLDK	237922698	237922771	1086.556309540352
ETELLGSFSK	58130401	58130509	555.786184447331
VIGDLMQR	5030027	5030060	466.256576001803
FIAELGVPLSQVK	21656452	21656507	700.912109375
VLLSAAEAAEVILR	165890879	165891037	727.934060097534
KTVLDQQQTPSR	138968249	138968282	700.87890625
HLDDVNTSEITFQEK	40263494	40263546	888.42
DSSYSLESSLELLQK	55403177	55403204	849.92372584758
MGFEPLAYRGLETGSR	206563959	206564080	892.441436445202
NPDVQEEIKEILR	22502158	22502393	791.92890898771
LC+57.021C+57.021GDFQAVR	164837148	164837208	613.276733398438
DISTC+57.021PNSPSTPPSTPSPR	3272843	3272936	999.467985099512
PSPGC+57.021DSQTSQLDQPLFK	38363705	38363789	1003.472351074219
GKPMLEFVETPSYQASK	250162370	250162610	956.479553222656
HNQVSAQPVPQEPSR	27099471	27099581	837.926086425781
TTPLASLAPR	127027361	127027449	513.801696777344
TEC+57.021QNTEYQQLLDIK	41367783	41367890	942.44287109375
WGDSGIQEC+57.021FNR	88374837	88375082	734.818962431541
ESEGSLESIC+57.021NWVLR	55565748	55565785	889.924560546875
FLDDIGANLKPAR	26870076	26870318	715.396467496969
RLSLPADIRIPDGYLEK	129249900	129249946	979.05
DPGVLDGATELLGLGGLLYK	166740092	166740204	1001.052139713002
STALSSFLTK	160466961	160467033	527.792545194088
FSESILAHR	130786153	130786210	530.283559103214
APNIYLVR	174367673	174367721	473.280399332311
LYFSAEEGGER	136599672	136599746	629.292497598736
ASVEESESTSSAR	23840271	23840346	670.805786132813
QEQLLDEIHREK	256127184	256127268	769.4
SLTTLGLVISSLADQAAGKGK	196733028	196733059	1016.085754394531
GFAGHSGDVMSLSLAPDGR	154125963	154126167	937.4417
VGIDDLTGEPLIQR	230710076	230710362	763.416483472003
MPDFDLNLK	201426578	201426755	546.773757203813
NAC+57.021QMLMILGLEGR	45977248	45977298	803.401521669774
SFGYHAGGWGK	173331400	173331476	583.772827148438
TSPLNSSGSSQGR	80335213	80335302	639.307207775875
VHDSNIYIKPFLSSAPEVR	108917219	108917361	1087.082397460938
NDAWSEFENQGSRPLF	248217660	248217779	948.935913085938
ALQTSLVFSR	171742672	171742853	561.332214355469
VIAPDTSPR	142634181	142634428	478.266656545992
VTAQGPGLEPSGNIANKT	93483148	93483279	877.461998672255
ADPQDALR	21125935	21126006	443.225520397567
EDFLIKPSDNLIVC+57.021GR	109814533	109814682	938.4864
C+57.021GILSSGNNLFFNEDGLR	68198370	68198720	1006.981384277344
FSTTNLIGPDPTFR	190367630	190367794	783.898254394531
DC+57.021TVLPEMK	114901146	114901225	546.755447418433
KTFTC+57.021TAAYPESK	115691051	115691079	752.361694335938
TKDPC+57.021APQVK	212348783	212348844	572.295133564165
HVVKEVLGEHIVPSDQQQIVR	115453148	115453196	1206.16
EESGVEEPAHR	76117506	76117537	620.285567823224
IC+57.021QQVNIK	188014881	188014992	501.774431887013
SAPAAAGGDKEAAAR	201796622	201796688	671.83960943807
DLYANNVLSGGTTMYPGIADR	3293892	3294016	1114.541784981479
HPMDLSTVK	200896917	200897028	514.266235351563
FQLYQSDPSGNYGGWK	255220672	255220711	924.419494628906
GHTAAEASYAR	125696089	125696137	567.270424721193
PGSSYLLQEPPR	51335156	51335221	672.35
ADELQLQVFQC+57.021EAQLLAVEGR	83577419	83577486	1209.613891601562
DDDDEVPDLVENFDEASK	231500604	231500633	1026.93
SLQLAEVALDLK	106046088	106046219	650.381810493875
YVDEENSDGETSNHR	217901391	217901426	876.859924316406
ITTMQLER	37766852	37766915	496.264824019346
FLVQEIMFDR	257778459	257778684	649.335021972656
LAETRENEVSTSATDELLSQFK	175272697	175272761	1235.13
TFAVLAYSNVQER	12672182	12672369	749.390416529033
LC+57.021TGGVSPYADPNTC+57.021R	107908497	107908660	884.393310546875
METASELGR	82238498	82238614	497.23807785681
GRISVGSDSDLVIWDPDAVK	224151652	224151797	1065.05380318216
GPPLPPPPPLPEC+57.021LTISPPVPSGPPSK	208542924	208543062	1363.23928094252
AIFDTPDEDPNYNPLPEERPGGF	31644449	31644488	1296.09326171875
VDLPGLEGC+57.021YPK	196978204	196978395	674.334411621094
YYTDSIVNPDGFAGFPC+57.021A	70242063	70242146	997.939636230469
AAGLATMISTMRPDIDNMDEYVR	233890382	233890616	1285.606392822202
AC+57.021APPESQAPGVPTEPSIR	104322584	104322813	982.979797363281
EYDQALADLKK	11287114	11287221	647.33918328521
FSVLNAFIDR	81533389	81533422	591.319641113281
LDTNQVVR	89843040	89843137	472.762331130821
VEYPAHQ	246304632	246304688	422.20505686636
PIPLSMIFK	248328751	248328801	523.309850618285
DKGVLQEEEDVLVNVNLVDKER	31850107	31850134	1271.17
STLVLPTGIIAAAGTMTVTLHSSR	220059310	220059380	1199.166137695312
SSSLQQC+57.021LSPSYLPLR	238327984	238328028	918.473388671875
DEQAQMKPIFSFAGH	213253722	213253867	853.404724121094
VFLATNSDYKYTDK	209940688	209940779	832.915938050042
VGGTSDVEVNEKKDR	31012299	31012441	816.913269042969
KNKEEAAEYAK	185637344	185637443	640.828383516799
SENLGHGYFK	175939070	175939099	576.28
DLVSGDSRSGSC+57.021SGQGR	197827351	197827394	863.378112792969
VELSDSPNSEQDLEK	176262726	176262849	845.39
FEQQVQNLDVHTSVM	164318884	164318937	887.922424316406
FGMKPYTSFQELVGEK	117814115	117814289	930.964265539424
SVPVTKPVPVTK	132043132	132043191	626.388479799307
IPEFWFTIFR	27196157	27196194	678.360439950307
ELQDDLTLDDTSEALNQLK	208292742	208292810	1081.54
EFYANEAC+57.021K	34580902	34580961	566.244693329402
PPNLPSSLVELR	217112349	217112472	661.379574016816
C+57.021GVENQAFYK	107081039	107081164	608.27734375
KLEEEVDDVFLIR	76722586	76722713	802.925415039063
C+57.021PFPDC+57.021AK	174450865	174450981	498.210296630859
ELFETVGVR	226484252	226484304	525.283393599652
DLVYILMAK	23979411	23979454	533.304931640625
EESDTGQAEFLLLTELC+57.021K	26699351	26699470	1042.00143493415
IVVFVDMGHSAFQVSAC+57.021AFNK	84467922	84468020	1164.57
DAGEFVDLYVPR	18760166	18760266	690.843469934158
AEGGGATTSTQVMVIK	220868184	220868304	775.399108886719
DAFSLLAYSDPWNSPVGN	3224197	3224227	976.953975346345
YTVQINSIGR	189437110	189437189	575.815379156401
DKKMDAHPPRLFAC+57.021SNK	249759801	249759885	1008.01
WELDDGLDEAFSR	90954271	90954315	776.85107421875
LQANISTGVSK	84739488	84739538	559.314514160156
LLVVPMDGSHWFTMR	4139948	4140066	894.955816940998
KEFEISNLQSK	226999239	226999309	661.851501464844
TEVVC+57.021APPTAYIDFAR	230545517	230545575	905.448061307936
LPVSEGVFVVKDPNGR	64015872	64016033	856.976613606107
SAPSSAPSTPLSTDAPEFLSVPK	64499876	64499987	1144.08
MASIYSEEGNIEHAFI	229920537	229920621	906.425903320313
EDAVELQQFFIK	89171137	89171372	733.881541700548
FPIKWTAPEAALYGR	185213784	185213829	860.467283434691
DAIYGHPLFPLLALVFEK	109683337	109683392	1022.069866301635
LVVQLHC+57.021K	74400039	74400099	498.786490052279
QFEYIEVGQFR	48765588	48765677	708.351861260158
LEVEVHQLQDR	45728317	45728483	683.358459472656
NKPADYFILILQGK	186027898	186027931	810.462587991249
ITFVDVPGFLPGTAQEYGGIIR	252969429	252969570	1176.127685546875
AAVTGLSVEEVVR	145758104	145758294	665.372802734375
LEDAPVDDLTR	221899016	221899210	622.312805175781
MGITDLQGLR	178102783	178102926	552.298031661925
AALSEEELEKKSK	174243980	174244038	731.896362304688
YQC+57.021NEGFAQHHVATIR	101386106	101386201	965.95237171762
VLLPDDGVELSTVEK	243768221	243768349	807.436761026196
DHYLYEAEEANLGPGVSIVER	99406474	99406552	1181.570678710938
SFNFHVVK	17651584	17651851	489.263458251953
FAVHGDAR	6092007	6092064	436.722473555844
VFEPPPGVK	204735441	204735524	485.2741214384
VGSENPPLTVIR	184073989	184074193	641.364441599062
ERLGPLVEQGR	32051288	32051347	627.35506899754
DDSVRPNMTLK	228899878	228900050	638.321154993028
EHDSYQVC+57.021VTDLNTTLDNFSK	58053672	58053780	1244.06
ELIVFPHNLK	32013055	32013198	605.354738318344
KAVTTNQWHR	24639046	24639110	620.831604003906
FMDMLFPGSIALK	216226087	216226187	735.38037109375
LEGGEDPLYVAR	170107453	170107709	659.837646484375
SKAMDLAQAGSTVESK	93073983	93074157	811.906883081595
EQYAQEHGLNFQ	810644	810720	732.834655761719
IAHYEQSADYYK	112866448	112866486	744.33935546875
KPYVLNDLEAEASLPEKK	107863131	107863216	1022.550330265155
DVEVTKEEFVLAAQK	190114562	190114711	853.45847616524
AQELVAC+57.021GQVR	228794852	228794956	615.817892695435
QELIFEDFAR	110980165	110980240	634.319172424035
LDHC+57.021LQEASPR	100201452	100201704	663.343017578125
LGDWEATER	58730264	58730328	538.754756290284
MVQEAEKYK	172958774	172958826	563.28443325643
THEDIEAQIR	75058858	75058956	606.303989225991
IFNGDADLSGMTGSR	250326561	250326586	770.855651855469
TEGGPQANGHIESNGVC+57.021PR	227958313	227958409	990.958801269531
QEPERNEC+57.021FLQHKDDNPNLPR	175759522	175759701	1318.619262695313
WLAIDANAR	103893323	103893473	515.277424723047
TSFLSPGIIYHC+57.021DLTK	12746143	12746330	926.474060058594
RLEAC+57.021PGAVAMTPEAR	35853736	35853804	865.43
DLLSEFYEYH	78668889	78668917	658.299103100663
KNNVNVASLTQSEIR	3968469	3968549	836.953792748901
DIKPENLLVC+57.021EYPDGTK	190056551	190056680	995.995778517719
KLESTESR	61222188	61222235	475.25073606004
GSLPILPQGC+57.021VWHPK	73844715	73844819	844.95117569651
KNLVDPFVEVSFAGK	219231886	219232029	825.450178183018
LDSEEERQEY	120920477	120920626	649.282679916294
FAKYDLDAC+57.021DIQEK	187735005	187735076	858.406620296856
NMQTPDIQLVHHSAIQK	9580285	9580434	980.507738980965
ALYETPTGWK	62965545	62965687	583.298215361932
DIHSSVSR	8438603	8438673	450.730741686653
KNMMAAC+57.021DPR	118254927	118254969	597.265319824219
IVSFVGNQVTIR	185552784	185552840	666.885070800781
PLGSPLSSPVFPR	183470236	183470289	677.386641383334
EFFWNVEEDFKPAPEC+57.021WIPAK	50246009	50246179	1320.117163697564
KEDSNLTLQEK	120793929	120793975	652.845347708565
LLGDSDSEEEQK	164927151	164927518	675.305480957031
YGDESSNSLPGHSVALC+57.021LAVAFK	142774153	142774359	1211.587613936381
KLENSPLGEALR	126021511	126021627	663.872366926921
KIQNDAGVR	123423329	123423376	500.7801819707
FSEIFLGEFDTPEAIWSSEMR	252650059	252650233	1246.58
EGEGGLSLQVEPEWRNEL	159050106	159050168	1021.496910229275
STAMEETAIWEQH	54317666	54317767	766.837463378906
LAPVKTEVPLAENQR	214066926	214067010	832.9736328125
APGDLTSLENER	75857295	75857325	651.32
DGMDPDFTYR	257471810	257471868	608.748810260767
VVSGAEAELK	46769933	46770034	501.780657860856
C+57.021HATNEVAQLIQGGR	140760395	140760532	827.9124
AC+57.021LISLGYDVENDRQGEAEF	73173676	73173772	1144.024658203125
DIFSTQDELLVYNK	57919627	57919721	842.923321735428
SADIETIGEILK	67075795	67075901	644.855129801386
LVGAPLLMDR	167662599	167662667	542.813842773438
AQAQAADGAGPEDDTEASR	153625335	153625368	930.408203125
IMINILQSC+57.021K	6439215	6439328	610.329090623817
IC+57.021VNVHGR	206086860	206086980	477.750344070264
QIQNIKQTNSALKEK	157619181	157619288	871.992405643711
LGLGHNQIR	219340375	219340462	504.292404036523
RLPPFETFSQGPTLQFTLR	30591681	30591728	1118.6
QIVVDKYYQENF	186192622	186192796	773.384796389875
IHFTDGADGDLADLHR	37689490	37689707	876.919823875769
SGEEFDC+57.021AFR	142276294	142276331	609.25
LTALAEDRPLFDGPSR	167648074	167648182	879.464660644531
HDLTSEPVTVR	11516528	11516818	627.328002929688
ADFQYSQR	156109698	156109809	507.735412597656
GGDAASHLFTASLGGK	128275559	128275707	744.877723527143
LRRENQVLSVR	40693891	40694020	685.402858885712
GVSNYQVEEDIGK	68730934	68731101	719.34618919571
EAFAIGLGGGSASGK	96917046	96917188	661.34337194524
NEAGEAHASIK	258552933	258552985	563.778229069247
LEANPDTGVLTVSWER	61316429	61316594	894.456970214844
NASLSIYSIWFYDK	250856825	250856859	853.925659179688
LAAIGEATRLK	138982465	138982561	571.849058783973
LDEGPDDEQEVPLR	58695904	58695970	806.380946501488
PDLDLDHPGFSDQVYR	219678274	219678319	937.942810058594
EEEEKLAAILGAR	21484241	21484315	714.890038759045
VQSLQQSC+57.021R	25858657	25858728	553.27497579083
VIQNEFTVGEEC+57.021ELETMTGEK	124524690	124524894	1222.061689143798
VGAGAPVYLAAVLEYL	248937535	248937637	803.448913574219
GYYFEIPSIGAIR	21844591	21844716	743.390284235397
MGYAEEAPYDAIHVGAAAPVVPQAL	121149774	121150062	1271.13427734375
EDYIVYLGR	78754134	78754209	564.292109479479
YLDVSVLGELVPR	134974347	134974430	730.414306640625
AGEGLWVILHLYK	42101411	42101554	749.923815044118
ILLGTTYR	14237281	14237325	468.78
IIVEKPFGRDLQSSDR	118108272	118108364	930.5
YLMDEGAHLHIYDPKVPR	254268155	254268275	1078.05
SEFVIQPQNESNPELYK	243387092	243387199	1011.998046875
PLVDTHSKR	139419977	139420308	526.79535555042
TTSLC+57.021AGPSASKNEYEK	119238215	119238371	921.927917480469
RDEDALHLVLR	180989393	180989547	668.870666503906
LIAAQLDNAIEK	229759769	229759846	649.867007414564
NVQSTQDEFEELTMSQK	217070479	217070590	1007.464233398438
PDFDLHLKGPK	77201242	77201345	634.345520019531
ENIRPVWQLASLVENIER	195448246	195448299	1083.590319645575
AGPAHAGHTAPMRPSYSAQEGL	179462601	179462762	1103.528686523438
HSNQALNQLFEK	37636140	37636253	714.865295410156
WVKEATEGK	122039587	122039649	524.277340108795
LYAYSFSGPPEPVLLDSSSILADR	48493514	48493895	1299.66552734375
TEAGFSGIQDVYSSTPNHDNK	98444004	98444181	1134.5189
VFMTTNHVDR	137416296	137416380	610.324042853392
SQFFEQGSSDSVVPDLPVPTISAPSR	56866428	56866761	1374.179836590105
LSQTLSLVPR	27548653	27548738	557.335083007813
NTLNGDLASATIPEESR	95373521	95373741	894.440612792969
VPYVNSPGEK	15467250	15467300	545.28
LAELHGNMFVEEC+57.021AK	208892650	208892699	874.41
QQFMTTQDASKDGR	85125048	85125096	806.877685546875
LPC+57.021RDDDGVTAK	79538946	79539142	673.822565207278
MLVC+57.021YAK	121161869	121161917	442.722706392034
TTMLLSK	207250990	207251050	397.228140767037
LPPNSFQGK	185832492	185832550	494.26716108558
EATVFDLPK	200471744	200471815	510.274634100444
KEDGFEDGVEDNK	177751471	177751512	741.32
PAPVSQLQSR	186091461	186091505	541.801137321543
DPAALLPGASPK	195296660	195296760	568.820494388523
QFSFPLSSEPFQGSYK	113578742	113578846	924.945544630776
YIYKGFEKPTENSSAV	15570742	15570824	917.461853027344
WC+57.021SLADYYIR	178992784	178992831	674.333862304688
EDDPKPVGALAGHQDGITFIDSK	107246284	107246318	1206.1
EDILENQFMDSR	58015757	58016181	748.838488326709
LQASDSC+57.021LQTTWGAGQAK	40675577	40675630	961.458435058594
PGPESSVSLLQGAR	74598570	74598676	699.379455566406
LQPEDVNLR	95144335	95144428	542.298187460575
AEPEKNGEVVHTPETSV	205326096	205326242	911.948587027392
LELEVPQAR	17017320	17017370	527.797624998481
SEASAFGASHHVAYFEA	131880532	131880596	890.9
DLSIAVQMMK	29230658	29230706	568.3
ISPYTFC+57.021K	182877340	182877435	508.2508
PGPQGPR	253534688	253534725	355.7036504023
GSYSSIVNSSSSSDPK	76467226	76467321	801.369140625
YKELGEKLSKDPNIVIAK	54691647	54691775	1023.087524414062
EALAAMNAAQVKPLGK	37206953	37207043	806.449523925781
C+57.021LDPSLPLK	254846287	254846443	521.784635041536
PAAGGPEELVPIPGNTNYAILR	92783759	92783806	1125.61
DLSEVSETTESTDVK	161524924	161524990	820.385308284386
GDFTPHDNEPGK	141177778	141177826	657.292607069351
GGGLFDDMFEDMEK	40149995	40150248	795.825866699219
VNNVNGNQVGHLKK	114181793	114181832	761.42
ASSMIEELEQNVC+57.021QLK	208029874	208029975	939.951159085375
VVVLFER	75316912	75316973	431.263985764384
SAPEVGAGEGEAGPELPR	240763007	240763064	861.920079583271
LQGTLAADKNEIL	27521246	27521475	693.38624163248
AAEC+57.021NIVVTQPRR	179399877	179399950	757.4
AADYLHVALDLLER	233887231	233887279	799.931823730469
AYAGSGNVLK	210658575	210658633	490.265867069511
LEKDEDIYR	164860797	164860883	590.796815266144
RGMIQLIVAR	27938823	27938906	578.852503820013
VNFPFLVK	59742723	59742765	482.287109375
VLFLFEFDEQGRELQK	230741589	230741892	1000.018737792969
EDHMDDGSPIR	133121423	133121507	636.271362304688
EGLKEC+57.021YVFKPK	52865612	52865664	749.391967773438
KLPKPLEK	180378089	180378152	476.814656644409
VLPLAYSQETVSFYEDLK	220311640	220311752	1051.541416143015
SSSLDALGPTRK	225283290	225283402	616.338532739522
IHQWC+57.021GSNSNR	81789166	81789227	679.804748535156
EFEVKDPELEAQ	45044519	45044666	717.345917793261
VIWEDSASENQEGLR	44132330	44132398	866.909545898438
PGGLLLLPEK	79811693	79811748	518.825050384517
LAIALGDAVNHPTPMAAAANEVYK	211506856	211506974	1219.128954984749
AEDPLVQSLR	156119313	156119398	564.307489741043
TYQLLVQVK	90790033	90790134	546.327239496236
TGPFC+57.021VNHEPGR	95864876	95865023	686.32
LGDVMETVLSSQTC+57.021EQTPER	110530734	110530873	1140.532958984375
SC+57.021GAGSVMQAPEEPPPDQVFR	245933720	245933836	1130.51806640625
SELAVEILEK	152598422	152598490	565.822728251134
TNYSPSFQGHVTISADK	194356700	194356916	926.9521484375
TADADQQGVVQGMITGIR	111321077	111321204	930.470886230469
NMSPSSGHQSPAGSAPSPALSYSSAGSAR	237903669	237903734	1374.13
MAPSFTAR	84829016	84829113	440.721069335938
GDDQLELIKDDEK	962414	962694	759.368347167969
SVFITRK	235758918	235758982	425.760603075782
KQDLDDEEK	89788146	89788215	560.260350888911
TLSPEFNER	82898352	82898469	546.769463210887
IITQFQR	159483481	159483548	453.263147644639
AQSMETLPPGK	65529978	65530058	579.79407157706
ENIKASTEVGEMAK	257669696	257669872	753.87830633045
AGLSVLLK	5629285	5629314	400.767791748047
HVASLAK	198314810	198314862	363.220028550628
VQVEAIEGGALQK	189313767	189313836	671.373138409122
PSTLTEEEVSK	160119813	160119871	610.307189941406
LAEPLDPVQPGKK	27355845	27355991	696.400085449219
LKPAFIKPYGTVTAANSS	131341985	131342087	933.014941466127
KATQFVYSYGR	61179747	61179829	660.34
STFTGTSGIQTQAR	22932925	22932973	727.865173339844
LGVVLAQNLTK	152005405	152005464	578.358414892192
LSDFKQVLLR	229855311	229855409	609.863347368279
VGNVSAAC+57.021TSQELR	88251698	88251807	746.365539550781
DVMPGPR	236834435	236834497	386.19563188947
KNRPTSISWDGLDSGK	180386174	180386260	881.46
LGAELC+57.021QEAHSIILSILEQAAK	214115704	214116193	1197.641892206696
VANTSTQTVGPR	176241227	176241462	615.825744628906
AHQNTLEVYPPFLFF	16014956	16015124	911.964565395481
VDSWNLFEENMK	147740013	147740066	756.349252847285
DHTSTAVGDGSSGSQPR	122709167	122709246	829.8718225233
RLEAELAAHEPAIQGVLDTGK	147349990	147350160	1109.602449568504
GYAWGLNELKPISK	63576246	63576366	788.430908203125
YELC+57.021DTYPALLVVPANIPDEELKR	134952081	134952286	1409.726106020212
EQLQNHENEDIYK	52933512	52933550	830.392168706536
VEITPEPVSVVAAVVDGAVVAAR	85607974	85608017	1125.141479492188
SAFLSQR	41158773	41158840	404.720366720597
NSALLSNYETLK	147138879	147138913	676.858159370382
IDEPLEGSEDRI	133586051	133586159	686.834202657481
DMPAAGSLGSSSR	23983184	23983309	618.287963867188
SDMHLLDMESMGK	59313635	59313710	747.327819824219
AATPTVVSATSLVPTPNPISGK	158690407	158690447	1055.084228515625
SYPLSEGQLDQK	201980616	201980730	682.837854100199
PPPAPLLAPR	25200866	25200969	514.815870262581
EIFELMQTDLEMVTEDLAQK	174651072	174651140	1192.577392578125
NLPMDC+57.021LVDEDGVFTDVAGPELQNK	110846725	110846855	1388.655339837441
SPFEVKVGTEC+57.021GNQ	74945753	74945829	776.360337533437
VFIVDDFESFEK	145195159	145195211	737.859497070313
IEDSPEAQILPFLR	221652340	221652394	814.94
TGC+57.021TC+57.021GSAC+57.021GSWDVR	67301409	67301460	837.331726074219
ESFQVAAK	34674680	34674755	440.230934891919
IQDLPPVDLSLVNKDENAI	182859155	182859306	1047.56396484375
ITVPVFFNQAER	40400781	40401015	711.388061523438
NDDKNTYIR	167774097	167774193	569.778442382813
HLQNLHWK	3760958	3761066	538.293400429776
RTVQQLR	17598399	17598513	450.772338867188
GPIEQLPDYNR	68691773	68691906	651.328369140625
TEPTEDSGISLEMAAVTVK	98451389	98451471	989.49
LMDLTLLLAR	108014645	108014772	579.850654345737
GALEALLC+57.021GGPQGAC+57.021SEK	115263120	115263523	909.43090330893
FQSVPAQPGQTSPLLQYFGILLDQGQLNK	252644884	252645138	1594.35146468411
SC+57.021PPISLPAAASR	95631560	95631596	663.845
LEPSEDDGKPE	53558719	53558821	608.273732413414
QATEGPC+57.021NMPKPGVFDLINK	253587104	253587336	1108.545811695095
AGMFVSK	153548696	153548764	370.193640179717
GEDVPSEEEEEEENGFEDR	242291223	242291298	1113.433715820313
SLIFEEQQSLEVILKK	111219456	111219554	952.541148702053
VLLEAQAATGFIIDPVENR	137460287	137460421	1028.561129908454
AEAPVEDGSQPPPPEPK	10805420	10805505	872.924865536488
PVFEVEPK	90274731	90274805	472.757605976891
VSMPVQLNEPLNTLQR	57193433	57193493	920.494262695313
RLSYNTASNKTR	196597608	196597679	705.875971355258
LYVWDLEVEDPHK	118538500	118538554	821.909423828125
EGEQIWFPK	47632502	47632658	567.2854
DTSFTTLVER	104638937	104638994	584.79552295484
HEILDADGIC+57.021SPGEKVENK	110186549	110186600	1056.01
QLIPVISDYLLSNLK	41035510	41035672	859.007507324219
KEAMMGLAQIYKK	14313968	14314056	755.910289759368
HTVLVTELK	182766424	182766461	520.31083780417
EKQSDDEVYAPGLDIESSLK	73574035	73574327	1112.0396
LQFLWGVPLIR	159835087	159835179	671.409929948966
EAC+57.021PPADAFIGFGGNVIR	3346251	3346301	945.966674804688
VDLKGPEIDIK	209919350	209919523	613.858276367188
LYIGNLSENAAPSDLESIFKDA	90036739	90036774	1184.594848632812
LLFANFNQDNTSLAVGSK	19660364	19660622	970.00749011746
ELLHMLESPESLR	109894448	109894481	777.41
HLSAILEALK	94728979	94729035	547.834262644976
TDEQVALVR	145031382	145031424	515.780465920318
SIAGGTGSGLGSYLLER	129349102	129349194	819.428771972656
AC+57.021IVANYYASAGLLK	156104660	156104769	807.417602539063
GSSGPDTHQGTPEPC+57.021K	141275356	141275407	827.86
AVQTQQPC+57.021SVR	73330654	73330735	637.32
EDKTVAYTEQK	164161292	164161337	656.326077414433
RAPFDLFENKK	245848729	245848814	682.871019110646
IEC+57.021AHGIGYTR	154315067	154315238	638.80908203125
VFNEGEAQR	137416382	137416527	525.255591201702
KPEKGDEK	182978656	182978708	465.74958302738
SEEGAC+57.021LGPVAGTPEPEGADK	212142912	212143073	1035.972769881191
NAAGNFSEPSDSSGAITAR	116026325	116026635	926.928161621094
GDVAYDEAKER	198149680	198149765	626.793924299228
NENKFAVGSGSR	240431846	240431984	633.824476216694
AVSVSQISIEEK	226236165	226236443	645.35481938981
SRASSVTTFTGEPNTC+57.021PR	113867915	113867944	985.462341308594
VSGPMQDSFK	64947331	64947408	548.260221581569
KLEAEIATYRR	48226952	48227111	675.38326893735
FASLALAYHNYEDLPR	29466260	29466310	940.472106933594
HPEC+57.021ALQVLGLR	66178234	66178367	696.875624780513
SAPTTPKEPAPTTTK	46297547	46297599	763.91
ASFYGFK	42194064	42194132	410.204620361328
QTHGILEYYC+57.021R	180969315	180969427	720.34
STQFTAANELAC+57.021R	256446822	256446891	734.846618652344
IIAQNDVGLSETSPASEPVVC+57.021K	237352037	237352314	1158.088623046875
VGNIAGSSLEQTSWLSR	134808609	134808646	902.962829589844
HLC+57.021TNTWVH	84312543	84312599	584.272338867188
TTSSPPDMSPFFLR	111424913	111424952	791.883544921875
DVWKPEPC+57.021QIC+57.021VC+57.021DSGSV	31920043	31920257	1068.967407226562
SVANQGTKVEGITNQGK	142410125	142410180	865.955871582031
DMVFLDHWK	228952972	228953079	595.788862543088
EKLQWLLDESFKGDK	76159565	76159661	918.99
VTLTSEEEARLK	230796691	230796798	688.3753372228
SISPGQTLAFVGSSGC+57.021GK	30713484	30713592	877.4346
GRSTELIPR	71266337	71266406	514.795962194338
KTSLSFLNR	227078440	227078483	533.306518554688
YRESPLVSAWSEELISK	116921865	116921978	997.524569267216
APHWTSAPLTEASAHSHPPEIK	83684274	83684366	1183.09
TEIISYPRPNFK	101029274	101029386	732.897980748655
AVGPEITKTDLVPAFQNLMK	169235093	169235274	1087.099243164062
KPLNAFMLYMK	198514859	198514948	678.37
PVAGLLSAR	160123559	160123669	442.271179199219
AQLPVTPDVLIIPSELR	34315432	34315495	931.549438476563
EGVEC+57.021EVINMR	192782445	192782631	668.304743864721
YNPAQQQVQPK	101381386	101381460	650.835388183594
AGLTHLITMDLH	246930286	246930358	661.3505859375
C+57.021GEC+57.021GMVFQR	202902591	202902691	622.254320326683
KLTESYIQLGLQC+57.021AGGAGR	3961077	3961145	1012.029602050781
DALEWESC+57.021FNK	228886684	228886835	699.806088513046
ALGYFHR	244356483	244356567	432.229452095554
ESGKTEASETR	73627172	73627233	597.783407038705
GPQLTLFVPQHIL	3686819	3686938	731.92529296875
FEVVATNGDTHLGGEDFDQR	156626234	156626305	1104.51
VPMSVEFEELLK	108970289	108970330	710.879022385011
LWQHDEPC+57.021YWR	27580463	27580552	795.351440429688
HNLNILIK	245011744	245011795	482.801222058511
LIEPLDYENVIVQKK	1485000	1485041	901.0104
ANAQAAALYKVSDATGQMNLTK	62971488	62971546	1134.08
NVPQGETEREY	84976418	84976488	661.306714909191
QKEEESQQQAVLEQER	43591424	43591500	979.978759765625
GDPVYVYYK	102373891	102373939	552.274470159243
VLGSPC+57.021FIAGR	150369439	150369547	589.332641601563
VVSDSYDIYNAC+57.021EK	158234571	158234676	832.369934082031
GRYQFNYYEAK	3698885	3698979	719.839680519526
GLDFPAIQHVIN	71225081	71225272	662.357647256248
STDIQEEALAASPLLEDLR	10016917	10016951	1036.03271484375
ILKQEQEEYER	14236193	14236267	732.869384765625
ENHNAVFSAAGFK	89258257	89258354	696.341514392039
C+57.021LIQFEDFANVNAFR	94162740	94162794	922.443969726563
PPNIPSSSSK	235379974	235380204	507.782745361328
PGPPTPAAAH	100592491	100592599	458.236572265625
NDQLC+57.021LC+57.021YDLLEC+57.021LPER	201468631	201468703	1105.999839719731
GGGSLGSPYPGGALVPAPPSR	255282426	255282472	947.50146484375
VSLDVNHFAPDE	236040066	236040199	671.819608042347
YSVDIPLDKTVVNK	122093886	122094060	795.948913574219
LLQASSLSDMQR	110588457	110588610	675.3499
STPGVANNGSPWK	43896432	43896576	657.83
EQDQVWVR	172104564	172104635	530.263944291944
PPVLDALGR	40962811	40962869	469.28
TESAVSQMQSVIELGR	137257312	137257432	867.93874924222
IHLAQSLH	92208878	92208939	459.761138916016
RAQSSLC+57.021LR	77359970	77360008	546.290588378906
PFIFADKPLIVQY	69442449	69442565	775.935180664063
VEESC+57.021AIK	220250823	220250875	468.231110701818
MSVDTSKNQFSLK	56390174	56390381	742.861417588495
MQVEQNLSDHIK	175536187	175536249	721.360539178603
FLVTFGEGVEPANLK	159204429	159204455	810.936395532786
PC+57.021AYHPGDK	139390778	139390829	522.73
YDHDTYGADEFMGR	173830480	173830522	838.837062139342
FQFQEEGK	242245718	242245776	506.74137653368
LDKDLTIGQMQGK	170093159	170093321	723.885192755514
IYQNSYTWELSPH	149222024	149222103	819.890625
TEVC+57.021QTC+57.021SK	36127046	36127111	556.739687805526
C+57.021QVLWMEGWSNSSMK	244476950	244477088	921.901489257813
AAGSVHSPSTSMATSSQYR	202706167	202706203	962.945922851563
WYLFGMGNEVDVHAA	134938525	134938566	854.896240234375
IITMLPTSINAIEAYSGAN	162044810	162045092	990.012390136719
EVEFTTDWQK	182488603	182488712	641.802719589491
GLTAHGINIK	218914696	218914812	512.302649011217
FLSFMNTELAAFTK	34755529	34755696	810.413013793888
SNVASSAAC+57.021SSASSLGLGLAYR	199280494	199280725	1065.021812054771
EVLSSLANMASATVR	13888310	13888412	774.911865234375
AAAPQAENGPAAAPAVAAPAATEAPK	166424135	166424173	1157.595092773438
VTDEILHLVPNIDNFR	153029324	153029584	948.004704193698
TNIEPWVC+57.021ANIIR	25686414	25686502	793.411293753141
NWLSADTKEER	12196944	12197054	674.830322265625
NTLGGTSEVIHR	126478926	126479016	642.338623046875
EQQQQQQPLLHPPEPK	236984481	236984580	963.5
ELDFTEEQIH	210901890	210901993	630.793029785156
FTEEDKTAVAK	192973155	192973328	619.817077636719
LC+57.021PNSTGAEIR	196025545	196025656	609.301867610418
LKGNEYIFR	139074007	139074068	570.314648434109
DVAWLGEC+57.021DQGC+57.021LALAELLGWK	8501028	8501580	1252.604326004853
LFGEVTR	30050638	30050728	411.230633783544
AEDGAGLEAR	47254668	47254710	494.738000918726
LFGDDETAFGYK	14464673	14464707	681.815516764861
KQQSEEDLLLQDFSR	242680638	242680683	918.963073730469
LPC+57.021GIC+57.021GK	255804362	255804592	452.703338623047
SVGSVGDSPR	7408131	7408218	480.741333007813
QAFSAAIESC+57.021NK	180884847	180884914	663.8134765625
FTPLTAAEMAPYMK	73730861	73731051	785.8854
TLIEFLLHR	17877437	17877473	571.338412422901
LHEINQNC+57.021DDVC+57.021R	136457094	136457175	836.863098144531
TPMITPDLESGVK	4919943	4920006	694.36
HRVPLLAEYR	161988351	161988457	627.36
AEAESMYQIKYEELQS	257241988	257242059	959.94287109375
AQGQLDSQPEDQR	57790538	57790585	736.344543457031
SEEPEVPDQEGLQR	152594662	152594768	806.876478474799
TSEADDAAGAAAAAAR	59604492	59604637	709.831604003906
GTGSFSSSSSSQSSGK	164507828	164507919	739.323486328125
FQGSQGHISIPQPDC+57.021PAEAR	208425038	208425122	1098.52
LALVFNIPLHQINQVYR	43080556	43080721	1019.586826095572
AANNLLAAAIDTR	70599566	70599628	657.36
RPSYLDLFR	201767513	201767597	583.819525931096
THLGTGMER	207185304	207185363	501.245768976674
NTPLHLAC+57.021SK	103159639	103159683	571.299749872885
LQENFC+57.021TR	162401647	162401742	534.25085940298
WKEELLDQR	251687722	251687814	608.818156866732
IDLVAYGDINGFSAMAK	245055863	245055964	892.948518719576
LVYETTDK	224697520	224697600	484.750662088134
RRLNDFASTVR	46277389	46277460	668.37
TVMAHGC+57.021YLSAEELNVFHER	7548418	7548493	1182.56
NDLWEVFSNPEDWK	35561861	35561892	889.906426597
VPDSATFSIC+57.021PGGEQPAMK	176332645	176332706	996.4647
AAQQHETFLPNGDR	73169257	73169369	792.3818359375
AGDEIDEPSER	106925991	106926109	609.266288917185
HWILPQDYDHAQAEAR	125835757	125835983	975.467407226563
NFLVLAAHR	172990186	172990256	520.803668723422
KVIRNIAC+57.021SGK	253092833	253092911	623.362525274595
DGEYVVEVR	73407948	73407984	533.263847806539
FFDKVIEK	6107911	6108065	513.289065786286
QSPPGPGK	46198849	46198912	384.207559312894
VDGAC+57.021LNHFTR	90809740	90809822	645.307114064458
ARLELNENPDTLHQDIQEVR	195145463	195145519	1196.11
QDNLPDIEVR	245760268	245760340	599.81
FPLPFPFPSK	192955957	192956013	588.827554127572
DAVWWLHTVVPSISK	244495958	244496142	869.474426269531
APAEASPPPIAPK	220954151	220954194	623.353311153336
VEDVEALDRK	142605244	142605296	587.308636683525
QATKDAGTIAGLNVMR	103243484	103243576	823.436767578125
GRQLRVRFAT	16649529	16649557	602.8330078125
SLLTPLNLQIDPAIQR	251275848	251275885	896.522320346154
EGVNQDTFGR	143572034	143572153	561.763599022565
IITQMLQYHNK	50701544	50701596	694.872985839844
SSSNLALALYR	67228200	67228292	597.827575683594
SFTFASPTQVFFNGANVR	124172941	124173172	995.495727539063
EFSGKPAAR	182372940	182372983	481.758453369141
FLDTAFNLQ	6127968	6128133	534.790078794001
SAVLHEGEGNIR	121546226	121546497	641.330688476563
SEPLLQSNLPALVSQIR	9888711	9888779	933.532836914063
LPNRQLISC+57.021SEDGSVR	110615135	110615229	915.962594968595
MLATDGAAQQAHTTR	48541625	48541745	786.88
GPPPQGGRPQGPPQGQSPQ	146409012	146409089	933.963480578399
VSGAYLSLLR	96095300	96095345	539.8173828125
TKPPLAPGTILYEAELSQFSEDIK	170977531	170977646	1324.71
AC+57.021PHVWFER	205304040	205304159	601.282469975264
GHGSPSTSEVLR	71209710	71209792	613.81
AAVSESWPELELAER	210498852	210498879	843.916381835938
TLNLAGNLLESLSGLHK	121803433	121803477	890.505737304688
ELTLGNLLR	32022769	32022848	514.810042461865
FSNPVQYWEIQPSTFR	47815484	47815549	999.990478515625
YSC+57.021LVAGPHQR	249135862	249135921	644.317077636719
EEMDVGTDEEEETAK	16330790	16330835	856.345836696306
LLEQQGLIR	131350227	131350314	535.32
VDLKGPEIDIKGPK	147737802	147737901	754.941284179688
TGAYQYTIR	243593678	243593836	536.775207519531
WQATPLGSER	18124613	18124816	573.292724609375
KVEKVTISNR	43059502	43059575	587.354786863759
VLGAFSDGLAHLDNLKGTFATL	7640649	7640894	1131.108154296875
TVPDDIAANC+57.021IYLNIPNK	168433261	168433537	1016.017570423195
ALQALQQEHK	236603384	236603649	583.319422596266
VLAAAEENSK	137451515	137451557	516.272796435504
NEASSQLLR	178159669	178159916	509.270294189453
VIEEC+57.021HYTVLGDAFK	44124886	44125096	890.934716534475
VELSEDSPNSEQDLEK	158116685	158116743	909.92
KADATSSQDSELER	252988166	252988200	768.861572265625
DKPYLYC+57.021FR	11055827	11055915	631.305109688646
ADFSC+57.021NKFPAIK	228681630	228681849	699.346771931121
SLLFVNTLER	225224997	225225059	596.341115938395
VAFYWEGNEPGETTQ	248897785	248897908	864.40132383688
NLFLTNSR	162595894	162595986	482.76382609272
TVMLDTALGKPR	23087909	23088104	651.374804629394
VISHAISEH	44130548	44130596	496.764765374916
DFWFQAYDLK	254893637	254893710	666.816858857311
SLSPNHNTLQTLK	111231908	111231955	727.39
SQVNNPLISR	168242389	168242503	564.788269042969
YFVLKLETADAPAR	225656667	225656715	797.432556152344
SNMSPDKPVSVK	54268280	54268419	644.835503274188
LEGWFFC+57.021TPAR	6652735	6652777	692.33053396433
GEDC+57.021GPLPEGGPEPR	226677386	226677498	783.85220737017
PQPIDPASLEEFK	256090629	256090684	735.876586914063
SLVGPAPWGFR	30749405	30749479	593.823806438614
TIENKQDAVDYLTWTFLYR	222753468	222753608	1188.612989097938
SSSTLPHGSSYSLMMGGFGGASIQK	147540209	147540236	1244.08837890625
FTDPGMGNLTYSNPSYR	6161674	6161706	960.435678905732
KIFFNSLSLHASK	32537959	32537988	746.424896702854
TTLEMEFAK	163186563	163186636	535.266492496561
QLC+57.021EQAPSTSVLLLSPQPM	232820934	232821024	1050.030639648438
MLSVVHC+57.021NSRK	92660623	92660683	665.840414536703
MFDTC+57.021NC+57.021ER	97865570	97865660	616.727355957031
KIWC+57.021FGPDGTGPN	107830712	107830861	724.83609764142
SVSPSSPSSQQTPPPVTPR	150149451	150149483	968.492553710938
ERGQAVEVR	11250295	11250392	522.283570203597
QLC+57.021PLTPGPGK	14901032	14901185	584.313842773438
VPIDIQTSK	132295042	132295103	500.786712646484
QTTFESQDR	108449290	108449349	556.254361821755
VDVDVPDVNIEGPDAKL	59660396	59660434	897.967737798483
QPEWLEEQQGR	191335449	191335508	700.336280867716
FMVVDNPQK	237071421	237071561	539.273634629407
QNLYDLDEDDDGIASVPTK	157639656	157639768	1054.487560279457
ARTPLEQEIFNLLHK	21242474	21242650	905.007532521615
TFEDVTQVSSAYQK	145045755	145045917	801.886
TGDLLEVQQPVDLGALRGK	132097093	132097171	1005.56
EGGGVAMGMYNQDK	244658891	244659002	728.814418269241
GVFLC+57.021GPEALAETLSK	232003819	232003894	846.437515281719
VC+57.021FDVPTASVTEIQEK	85585890	85586233	911.950500488281
EADAEANHR	122800597	122800820	506.723107360767
VSSEPPPLSLAGPHPGMGDASNHMGQM	52012822	52013021	1351.62
EVSVQYSKEESR	78892427	78892466	720.853515625
NATLSLNSNDSEPK	19866460	19866586	745.863403320313
QPILDAIEAK	173195829	173195920	549.317973050679
GNQPEGSMVFTVSR	21791738	21791795	754.862710562278
SKDDQVTVIGAGVTLH	144890008	144890134	820.436007859212
VLLEDGIEFYKK	75245768	75245932	727.400672951658
AAEDAVWSGATFITHL	181964014	181964105	844.9216456029
GSIHDFPGFDPNQDAEALYTAMK	117974020	117974364	1262.578467041251
C+57.021QVQGDPQPTVR	52678342	52678437	692.833590466722
DRTYLAALETLDNGKPYVI	8482283	8482685	1076.572108112428
AFAEFQEHEHALK	187291498	187291643	778.878784179688
VLLGQDEPLIHVFAK	93423743	93423902	839.980002147546
DLEVDTTLK	143447311	143447415	517.278846996755
AEGILLLVK	5602137	5602242	478.312981722844
YPALHKPENQDIDWGA	20741098	20741225	927.446885896579
SVGLSWTVPEGQFDSFVVQYK	163047904	163048132	1187.097666303281
ETGYTYILPK	195482873	195483011	592.813598632813
KKLEMDLK	76715462	76715530	502.794219970703
QGNVHNFEK	22630682	22630884	537.266174316406
ETQILLDLLPDR	11268905	11269008	713.401217782521
KPFSQHVRK	63835243	63835326	563.83
HGNQYIQVNEPWK	55830903	55831019	806.897873170596
SLPNTSPEISR	209664442	209664478	600.814442802135
ASAFAALVLC+57.021PTELVK	5723940	5723970	845.973937988281
FVTISGQK	169643554	169643612	440.250384783403
GGGGGGYGSGGSSYGSGGG	195627932	195627986	717.780456366194
NQGNLGESC+57.021QESAVSGSSER	167838645	167838787	1048.4482421875
AC+57.021DDAEEAWR	86206541	86206653	611.743945017231
PHYHSFDGR	1844067	1844114	558.25629077824
LQSFDSPERK	115878870	115878963	603.81
FWHFGGNER	42638881	42638944	575.26486016109
SSQLAGQVNVEMDAAPGVDLTR	220048911	220048962	1129.55985596116
SETTVLAAVLR	168137866	168137921	580.340316078491
HGGPQYC+57.021R	123197601	123197651	487.717244620981
VNGTTVSSPSTSLQR	49349417	49349539	767.400735166444
LVLLALEDGSALSR	27571096	27571291	729.4246
VVAADDGVMK	202253772	202253924	502.757485097986
MDSAGQDINLNSPNK	232558111	232558138	802.373838700081
IVDVYENLYAGR	185550400	185550463	706.365133708027
AFVAIGDYNGHVGLGVK	184688316	184688547	858.957179619304
PRGVISTPVIR	224934453	224934604	598.361936017094
KDVDVYSQILR	40430538	40430672	668.367370605469
HLHVLSR	224216996	224217052	431.255638889551
SELTETQAEKVVLEK	217343065	217343121	852.46
KVAGMAKPNM	185665791	185665851	523.778575670527
NAMTFTFDNVLPGK	214373826	214373895	778.38525390625
HGNFGPHLDPK	200873208	200873299	609.802241684894
NEATVETLTETK	53844779	53844922	668.335998535156
LMPMLEEALR	229802939	229802978	601.821334033916
VNVEHMTEK	96073810	96073895	543.769042643521
AC+57.021NVLQSSHLED	75760370	75760450	686.815898617838
HITTISDETSEQVTR	213770037	213770105	858.924182683572
TLSAISSSTDPTSYDGFGPF	10117134	10117265	1025.469360351563
ALVPAAEIR	215748330	215748539	470.283935546875
NIHPVESAK	165146948	165147035	497.775463375314
TVLLSMGTIDLYR	64806026	64806105	741.42107668947
GEGDFLAEGGGVR	84186405	84186638	632.302186139143
KIEPELDGSAQVTSHDASTN	180359339	180359374	1050.5
DIVNFVHTNLRK	257488860	257489014	728.406772643012
KQDTFALASQQK	87215382	87215463	682.863970200347
TQPSSVSVSPGQTAR	82925523	82925613	751.389714530921
VHC+57.021C+57.021FYFISPFGHGLK	246320749	246320895	984.965012326879
LSLC+57.021VAPGK	19729187	19729335	472.765655517578
QVLAWAR	48826998	48827085	422.24680153795
EPFPDGAELRR	242142150	242142226	643.829206902141
HAYVSFKPC+57.021MTR	8906367	8906427	748.86
YYYVPADFVEYEKN	176495623	176495690	900.41243483944
SGLITPSLDEMIFVAK	248594373	248594502	860.966496275573
LHIQNPSFSQINQLVSTIMSASTTTLR	1477506	1477634	1494.29498329453
SFSLGPC+57.021GR	59342796	59342865	490.73727370875
NTEQEEGGEAVHEV	108285768	108285829	764.33334752466
ESIHDEVVNR	91856041	91856113	599.297729492188
DDVVLPALHFHQGDSK	34427242	34427397	889.949584960938
ISFC+57.021ADDKTDKR	100027490	100027632	728.34912109375
AYMFILHNFEEMVK	239265629	239265889	886.433166503906
QIQGLQESLGEGIR	188739271	188739445	764.413124890441
VQDSEISFPAGVEVQVLEK	80468358	80468571	1037.542829239027
TVENIFHVSFIIR	246251301	246251512	787.947347622681
LSPAPQLGPSSDAH	89996608	89996728	688.818298339844
DYMVGSYGPR	146077488	146077577	572.759122932607
TETDPSEGLMNVLK	111344472	111344557	767.38
DTQGSLDLDGRFSPLYK	140895318	140895390	956.98
ILEFHQK	133629774	133629854	457.76
SSVFASEFEEDVGLLNK	233116197	233116264	936.458862304688
NLFWTSYDTNKK	113433973	113434108	758.881141262066
YSQIPSVLVMNK	36492750	36492924	689.853698730469
TVGLHLGVTPSVIR	4950401	4950464	724.933288574219
TTGSYDGSFSLSALR	173610964	173611018	781.88
KAVVVC+57.021PKDEDYK	19452234	19452283	775.898092469268
PAMGIHGDK	9626576	9626740	463.231646220851
VDLSDQVAPTDIEEGMR	10212747	10212799	937.95
DTLMYLLAYPQKPMVK	96896237	96896304	956.011273724088
EHMINWVEK	140972094	140972190	593.290006593131
SMATVDEEEQAVLDRLTFDYHQK	214805097	214805200	1363.65
DGMALDEVWDSSHF	5835868	5835925	804.837646484375
QNLVIMGK	105841021	105841106	451.760626296945
AEQLSGSAFTC+57.021PR	205326788	205326908	712.336530373338
LEYWNPDNK	193481603	193481650	589.80318492924
VFSSAEALVQSFR	49293348	49293519	720.881804686391
SLEIDLDSMR	199246812	199246877	589.78949633719
DFESLFPEVANGK	99387410	99387466	726.854285853469
LFDQAFGLPRLPEEW	201199884	201199910	909.969421386719
ASVLLASVEEATWNLLDK	39654009	39654285	980.531982421875
IAAIC+57.021AGPTALLAHEIGFGSK	164581340	164581588	1049.563598632812
ALNAPPGTSLISFSDKA	10881578	10881816	844.946713337759
AFLNNGSR	171689545	171689589	439.726960659326
ALVDLADPR	195114606	195114659	485.272086303084
IEDLRSEC+57.021SSDFGGK	226866471	226866536	850.39
KRPEQQDVSSPAK	123463625	123463688	735.389404296875
GSLPDC+57.021PPPEDPAIAQLLK	128354194	128354362	1009.521381039349
AGSSMEPSADWLATAAAR	163866393	163866460	896.422831229258
NPSVVVK	61651807	61651931	371.729119087684
EEAMETTPAK	153876076	153876132	553.762023925781
LHTLALPSPK	235014559	235014690	538.826904296875
SSENNSLNPEVMR	253883731	253883804	738.842130514051
QTPAHVYYR	22685800	22685846	567.78857421875
VSIGYWHDPYIQHFVR	236039725	236039891	1009.011484552398
EVELQEFDSTR	26816293	26816342	676.817932128906
PQTIQHNPNGR	30444788	30444903	631.8275
EFPNPNIFDPGHFLDK	76124005	76124214	943.960177911182
NSLDTELQFAENK	100559406	100559457	754.866443862762
AFAPETGR	18585709	18586018	424.716888427734
QENGSLVEIR	162722244	162722447	572.800524473562
STADPSHQTMPANK	93170945	93171028	742.84326171875
SFEDRYDYYSK	188918786	188918910	736.822102999309
DC+57.021TSALALVPFSIK	190020277	190020359	761.403925537007
ISLPDGGSC+57.021LC+57.021TAWPR	22004162	22004319	895.927001953125
GGFTNVNFGR	982941	983107	534.765441894531
C+57.021LKDTDC+57.021PGIKK	252298717	252298753	717.857421875
LEGLGNDSR	185718860	185718954	480.739848996605
SSLGSVDSLDHPSSR	82784827	82785088	772.374472985389
AVVATGETALYGNLILR	130391729	130391998	880.998352050781
LLTLDEADATWTLIK	22262302	22262477	851.9712193604
ESLSEEEAQKMGR	146210792	146210882	747.353274489959
ALDPELLLLRDDGEEEFAGAK	94031138	94031285	1151.086236743393
TAMSLLWK	88065449	88065509	475.262886954108
LEPSGIFVK	120938901	120938975	495.298494033104
METSHNQC+57.021QELK	180681847	180682061	752.830367766341
GIIPNSFAHI	32238416	32238476	534.796280408145
LTDTFTAYYR	17163405	17163507	625.815516798869
KSSTGSPTSPLNAEKL	63847188	63847324	808.927856445313
NFPTITALEWSPSHNLK	243052943	243053025	978.004831247883
TALNTIC+57.021TTC+57.021DR	253932300	253932370	713.325391431297
KEWNALETEC+57.021HSLKR	110379592	110379656	950.973327636719
AYEDGC+57.021K	101935120	101935163	422.177479741296
TGNLYLRGPLK	139849081	139849209	616.36168869293
TEETSYENSLLVK	93230619	93230737	756.876586914063
DASQTTLLDLDALAR	236739006	236739076	801.920168855602
AGTAFYIDQC+57.021AVR	184703105	184703172	736.351869483316
VLDPAIPIPDPYSSR	77852635	77852729	820.441281568442
AAC+57.021LNFNC+57.021MLILLPVC+57.021R	244265669	244265715	1033.014526367188
LLLGVLHPNTK	123591785	123591851	602.872574600666
NLPIVERPVC+57.021K	51269393	51269479	662.873779296875
QALDPFNSR	43559367	43559490	524.766052246094
QVQGSEISSIDEFC+57.021R	214613806	214613929	877.907016698421
WDGGLDHC+57.021SPGWLADGSVR	33746717	33746797	1042.964518921641
LPNFGSHVLTPAEMEAFK	19697706	19697960	994.501400019442
YILNVTPNLPNFFEK	158287550	158287815	904.983096557385
VMATIEK	158175228	158175274	396.221047128359
YQNLQQDGLEK	207493952	207494125	668.328796386719
YSSSFC+57.021THDR	111681359	111681462	630.258812850476
ELQGFLDGVKK	216096140	216096219	617.348404531154
NPGQAVPWNAVK	253483368	253483491	640.842834472656
AAPAAAAAPAK	145752453	145752532	455.261352539063
TINPSTGDIVISR	165712180	165712211	686.879898785323
GAPVGSPALK	73744052	73744121	448.7638907056
RLELPEHLK	111093158	111093239	567.836469369341
VLWGEC+57.021LGGALYWK	80449526	80449704	826.421623303195
GEHIC+57.021LIR	40132755	40132837	499.264831389426
LKELNLSFC+57.021EIKR	232404570	232404632	825.458314562776
SC+57.021DELSSMVLELR	7242467	7242517	769.864196777344
ISWSPDSTHLLSASGDK	81855337	81855434	901.451171875
LTPLEAC+57.021AHSFFDELRD	175453336	175453392	1010.98
NQAAVYFEK	227478189	227478265	535.27
MQNDTAENETTEKEEK	17253240	17253285	948.911570871758
RQGLLQQPEQAPFTSR	4614307	4614401	928.49
TVAQYFR	168426284	168426345	442.736128567409
LLC+57.021DQKKK	82090321	82090356	516.800579615182
SKSEITDMVR	69741006	69741094	583.3
SGGTMPSIFGVK	108577539	108577627	590.805598075636
EFWLGNDKIHL	122845345	122845623	686.358821316094
LREYVESQLQR	178011095	178011141	710.88
LQQEGSELLWYLAEK	136540692	136540733	903.96826171875
ELQEALPEAPAPLLPHI	190228705	190228753	920.010375976563
IIPQDVGLTILK	247711338	247711461	655.40751721131
ANTHNTWK	143286456	143286570	486.239312966024
SSYGGMSQYNC+57.021APGLLK	4801675	4801760	916.917419433594
MHGDYTLTLR	61539524	61539641	603.802318685046
LAQQIKQEVR	157133561	157133673	606.856874792386
LQSVPSAPPPK	51079045	51079221	560.82247905506
THSSFGLGLSVNGR	155402963	155403031	716.371887207031
FDKPGGPENLYVK	3516912	3517026	732.381028043789
TVLMVAEKPSLAQSIAK	41478248	41478315	893.51
FLSPGDTGAVGVVGR	224017837	224017888	716.385009765625
YQFQSLR	72799442	72799504	471.250151014043
